                  
                  
                  [2432.68, 2434.48, 2427.7, 2441.73],
                  [2430.69, 2418.53, 2394.22, 2433.89],
                  [2416.62, 2432.4, 2414.4, 2443.03],
                  [2441.91, 2421.56, 2415.43, 2444.8],
                  [2420.26, 2382.91, 2373.53, 2427.07],
                  [2383.49, 2397.18, 2370.61, 2397.94],
                  [2378.82, 2325.95, 2309.17, 2378.82],
                  [2322.94, 2314.16, 2308.76, 2330.88],
                  [2320.62, 2325.82, 2315.01, 2338.78],
                  [2313.74, 2293.34, 2289.89, 2340.71],
                  [2297.77, 2313.22, 2292.03, 2324.63],
                  [2322.32, 2365.59, 2308.92, 2366.16],
                  [2364.54, 2359.51, 2330.86, 2369.65],
                  [2332.08, 2273.4, 2259.25, 2333.54],
                  [2274.81, 2326.31, 2270.1, 2328.14],
                  
                  [2333.61, 2347.18, 2321.6, 2351.44],
                  [2340.44, 2324.29, 2304.27, 2352.02],
                  [2326.42, 2318.61, 2314.59, 2333.67],
                  [2314.68, 2310.59, 2296.58, 2320.96],
                  [2309.16, 2286.6, 2264.83, 2333.29],
                  [2282.17, 2263.97, 2253.25, 2286.33],
                  [2255.77, 2270.28, 2253.31, 2276.22],
                  [2269.31, 2278.4, 2250, 2312.08],
                  [2267.29, 2240.02, 2239.21, 2276.05],
                  [2244.26, 2257.43, 2232.02, 2261.31],
                  [2257.74, 2317.37, 2257.42, 2317.86],
                  [2318.21, 2324.24, 2311.6, 2330.81],
                  [2321.4, 2328.28, 2314.97, 2332],
                  [2334.74, 2326.72, 2319.91, 2344.89],
                  [2318.58, 2297.67, 2281.12, 2319.99],
                  [2299.38, 2301.26, 2289, 2323.48],
                  [2273.55, 2236.3, 2232.91, 2273.55],
                  [2238.49, 2236.62, 2228.81, 2246.87],
                  [2229.46, 2234.4, 2227.31, 2243.95],
                  [2234.9, 2227.74, 2220.44, 2253.42],
                  [2232.69, 2225.29, 2217.25, 2241.34],
                  [2196.24, 2211.59, 2180.67, 2212.59],
                  [2215.47, 2225.77, 2215.47, 2234.73],
                  [2224.93, 2226.13, 2212.56, 2233.04],
                  [2225.67, 2234.52, 2218.13, 2242.89],
                  [2236.11, 2250.29, 2225.44, 2255.66],
                  [2251.12, 2240.84, 2234.26, 2262.35],
                  [2245.74, 2268.92, 2239.48, 2271.12],
                  [2269.57, 2275.36, 2257.49, 2280.43],
                  [2278.68, 2290.12, 2270.52, 2294.34],
                  [2292.16, 2300.78, 2289.31, 2307.44],
                  [2305.67, 2315.92, 2298.34, 2318.55],
                  [2310.23, 2301.47, 2297.14, 2312.79],
                  [2308.84, 2322.46, 2303.11, 2330.78],
                  [2319.66, 2336.42, 2318.24, 2342.11],
                  [2338.97, 2350.28, 2334.22, 2354.89],
                  [2345.11, 2363.79, 2342.67, 2370.92],
                  [2368.45, 2378.61, 2365.33, 2385.28],
                  [2379.89, 2392.11, 2372.48, 2395.74],
                  [2387.45, 2378.36, 2368.25, 2389.41],
                  [2375.22, 2360.78, 2357.11, 2372.54],
                  [2364.89, 2380.44, 2362.45, 2390.33],
                  [2385.66, 2402.18, 2380.67, 2409.55],
                  [2404.37, 2412.89, 2398.31, 2418.77],
                  [2415.22, 2408.54, 2400.48, 2417.36],
                  [2402.36, 2386.94, 2381.67, 2409.22],
                  [2388.45, 2379.21, 2368.89, 2385.67],
                  [2377.32, 2360.94, 2355.34, 2372.28],
                  [2362.77, 2385.44, 2361.23, 2390.91],
                  [2388.12, 2398.37, 2382.45, 2404.56],
                  [2395.67, 2410.54, 2391.34, 2415.89],
                  [2408.32, 2424.89, 2403.78, 2430.56],
                  [2426.33, 2437.22, 2420.11, 2440.91],
                  [2435.88, 2428.45, 2418.56, 2439.34],
                  [2430.11, 2416.78, 2407.22, 2432.45],
                  [2419.66, 2408.34, 2398.56, 2421.28],
                  [2405.23, 2389.44, 2384.78, 2410.56],
                  [2395.67, 2386.89, 2378.45, 2392.78],
                  [2388.11, 2404.67, 2385.22, 2415.67],
                  [2402.22, 2420.78, 2398.33, 2426.89],
                  [2418.33, 2430.56, 2411.67, 2435.12],
                  [2427.89, 2442.11, 2425.67, 2448.89],
                  [2438.33, 2455.67, 2433.22, 2462.44],
                  [2450.78, 2448.11, 2437.67, 2459.33],
                  [2446.12, 2432.22, 2427.44, 2440.78],
                  [2434.22, 2420.56, 2415.22, 2430.11],
                  [2423.33, 2409.44, 2400.78, 2425.89],
                  [2411.78, 2400.67, 2392.11, 2415.67],
                  [2406.22, 2422.11, 2402.78, 2430.33],
                  [2418.11, 2436.67, 2414.33, 2440.89],
                  [2432.45, 2445.11, 2429.34, 2452.67],
                  [2440.89, 2460.56, 2437.22, 2468.11],
                  [2454.33, 2470.78, 2448.22, 2475.56],
                  [2468.45, 2465.11, 2454.33, 2473.22],
                  [2462.78, 2448.67, 2442.11, 2460.56]